2000
generation: 0
one generation: 2625
individual:  1 position solved: 822
individual:  2 position solved: 587
individual:  3 position solved: 597
individual:  4 position solved: 731
individual:  5 position solved: 782
individual:  6 position solved: 585
individual:  7 position solved: 534
individual:  8 position solved: 589
individual:  9 position solved: 691
individual:  10 position solved: 527
fitness: 705.6000000000007  first: 403
fitness: 675.600000000001  first: 404
fitness: 633.8000000000008  first: 384
fitness: 596.0000000000014  first: 353
fitness: 506.8000000000028  first: 285
fitness: 506.4000000000029  first: 278
fitness: 502.0000000000026  first: 288
fitness: 491.60000000000286  first: 264
fitness: 451.80000000000246  first: 244
fitness: 443.20000000000243  first: 236
best individual weights: 
weight 0 : -6.0
weight 1 : -17.0
weight 2 : 41.0
weight 10 : 39.0
weight 12 : 72.0
weight 20 : 11.0
weight 21 : 1.0
weight 22 : 12.0
weight 31 : 72.0
weight 33 : 38.0
weight 34 : 38.0
weight 35 : 53.0
weight 40 : -41.0
weight 41 : -30.0
weight 42 : 67.0
weight 43 : 86.0
weight 44 : -40.0
weight 45 : -36.0
weight 50 : 42.0
weight 51 : 15.0
weight 52 : 4.0
weight 53 : 7.0
weight 54 : 42.0
weight 55 : -15.0
weight 60 : 9.0
weight 94 : 100.0
weight 95 : 318.0
weight 96 : 296.0
weight 97 : 505.0
weight 98 : 912.0
crossladım: 0 + 6
crossladım: 1 + 3
mutation rate: 0.07
improvements by crossover:0
improvements by mutation:0
Best individual
number of positions solved: 822 generation: 0
weight 0 : -6.0
weight 1 : -17.0
weight 2 : 41.0
weight 10 : 39.0
weight 12 : 72.0
weight 20 : 11.0
weight 21 : 1.0
weight 22 : 12.0
weight 31 : 72.0
weight 33 : 38.0
weight 34 : 38.0
weight 35 : 53.0
weight 40 : -41.0
weight 41 : -30.0
weight 42 : 67.0
weight 43 : 86.0
weight 44 : -40.0
weight 45 : -36.0
weight 50 : 42.0
weight 51 : 15.0
weight 52 : 4.0
weight 53 : 7.0
weight 54 : 42.0
weight 55 : -15.0
weight 60 : 9.0
weight 94 : 100.0
weight 95 : 318.0
weight 96 : 296.0
weight 97 : 505.0
weight 98 : 912.0
solved positions:
0
7
9
14
15
16
18
22
23
24
25
27
30
36
37
40
41
42
43
45
47
53
60
72
74
77
78
80
82
84
86
89
91
94
95
96
97
102
103
104
105
107
108
110
114
117
119
121
122
124
125
127
128
129
130
131
134
137
140
143
144
145
151
154
160
161
165
167
169
172
173
175
177
179
181
182
186
187
189
192
193
196
198
200
204
207
208
210
214
220
221
222
224
225
227
228
232
234
240
242
245
248
249
250
254
257
259
266
268
271
273
276
279
280
281
282
283
284
285
287
288
292
294
297
301
302
304
309
310
313
314
315
317
318
320
325
328
330
331
337
339
341
345
349
351
353
362
366
367
368
369
373
375
376
377
379
381
385
387
388
389
391
392
401
405
406
411
412
419
420
425
428
430
434
435
436
439
440
442
446
447
450
452
453
454
457
459
460
462
464
470
471
476
477
479
484
487
488
491
494
499
500
506
508
509
511
513
515
517
518
519
520
522
524
525
527
536
537
538
540
544
545
561
565
570
579
580
582
583
585
587
588
589
595
597
601
604
605
607
609
613
615
620
621
623
625
626
627
628
631
634
635
636
638
640
641
648
659
661
663
664
665
676
677
678
680
683
684
687
689
690
692
694
695
699
701
703
705
706
709
712
713
715
717
719
721
723
726
728
732
733
735
736
743
744
746
748
749
750
755
756
757
759
761
763
765
768
770
779
781
782
784
785
787
789
791
794
796
801
803
805
806
811
812
813
820
823
825
827
828
830
831
833
839
841
842
844
845
849
850
852
858
859
862
864
866
869
872
875
876
883
886
890
891
895
897
899
901
902
904
907
910
912
914
917
920
923
924
928
929
934
936
941
946
949
950
951
952
954
961
962
963
964
965
968
971
972
978
979
980
981
985
986
987
992
993
996
997
998
1002
1003
1004
1005
1006
1008
1009
1010
1012
1013
1014
1015
1017
1023
1024
1025
1027
1029
1030
1031
1037
1039
1040
1042
1044
1047
1048
1049
1052
1053
1055
1057
1061
1063
1065
1068
1069
1070
1072
1077
1078
1079
1082
1085
1088
1089
1090
1096
1098
1101
1103
1105
1106
1109
1110
1113
1117
1118
1122
1123
1127
1128
1131
1132
1135
1138
1145
1151
1155
1157
1159
1160
1162
1164
1168
1170
1173
1178
1181
1183
1185
1187
1188
1189
1191
1195
1203
1204
1208
1211
1215
1216
1224
1225
1228
1231
1232
1234
1235
1240
1243
1245
1246
1248
1251
1256
1258
1260
1262
1264
1265
1266
1268
1270
1272
1273
1274
1280
1286
1289
1290
1293
1294
1296
1297
1298
1299
1300
1301
1303
1304
1305
1307
1309
1312
1314
1317
1320
1321
1323
1326
1327
1331
1332
1333
1334
1335
1338
1340
1341
1343
1345
1346
1348
1349
1351
1352
1357
1360
1362
1365
1368
1372
1375
1384
1387
1388
1389
1390
1392
1393
1395
1396
1399
1404
1409
1413
1414
1417
1420
1429
1432
1433
1435
1436
1437
1441
1442
1444
1447
1448
1450
1451
1455
1457
1459
1462
1469
1474
1478
1481
1483
1489
1491
1492
1493
1494
1495
1496
1499
1500
1501
1503
1504
1505
1508
1515
1516
1520
1521
1524
1525
1529
1530
1536
1538
1539
1542
1544
1547
1551
1553
1555
1558
1560
1561
1563
1567
1570
1572
1575
1579
1580
1582
1583
1584
1585
1586
1588
1591
1594
1597
1598
1601
1604
1612
1620
1627
1630
1633
1636
1638
1640
1641
1643
1646
1648
1652
1653
1654
1655
1656
1657
1658
1660
1661
1662
1663
1664
1667
1670
1677
1679
1681
1683
1685
1691
1692
1694
1697
1698
1701
1702
1706
1710
1712
1713
1716
1719
1720
1722
1725
1726
1728
1730
1731
1734
1735
1737
1738
1743
1747
1748
1749
1750
1751
1756
1758
1762
1765
1766
1769
1770
1772
1773
1775
1779
1781
1782
1783
1786
1789
1795
1796
1799
1802
1804
1805
1806
1807
1808
1809
1811
1812
1813
1817
1819
1825
1827
1830
1831
1832
1837
1840
1842
1843
1845
1846
1847
1848
1849
1851
1855
1856
1857
1860
1865
1868
1869
1873
1874
1877
1878
1881
1882
1885
1886
1889
1891
1892
1898
1901
1902
1909
1911
1912
1913
1914
1915
1917
1919
1920
1927
1933
1935
1939
1941
1942
1943
1945
1947
1949
1953
1955
1957
1958
1962
1964
1966
1968
1972
1973
1975
1977
1979
1982
1986
1988
1989
1990
1995
1997
1999
